0 0
1 0
1 1
1 0
0 -1
1 0
0 1
1 1
2 1
0 -1
2 2
3 1
2 3
2 0
3 2
0 -2
1 -2
3 3
1 3
0 -3
4 3
0 -4
4 1
1 -4
-1 -3
3 3
-1 1
-2 -3
2 -4
5 1
6 1
4 4
-1 2
5 0
4 5
5 -1
-1 -4
5 -1
0 -5
-1 0
-2 2
1 4
5 -2
3 5
-1 -5
-2 3
-2 1
-3 -3
-2 -5
-3 3
-3 2
5 -3
-2 4
5 -3
-4 3
5 -2
5 5
-3 -5
-2 -6
-3 1
2 -5
-2 -7
5 6
5 -4
-2 5
7 1
-5 3
2 5
5 -5
-6 3
7 2
-3 -7
-1 -7
0 4
1 5
6 -3
6 -2
-4 -7
-3 -8
6 -5
-7 3
7 -3
-4 -8
7 -2
2 6
8 -2
8 -1
-4 -3
7 -5
-5 -3
-4 1
6 6
8 2
5 7
8 2
-1 -8
0 -8
8 3
-6 -3
8 3
2 -6
-6 -4
9 2
7 6
5 -6
-8 3
1 -8
9 -1
-8 4
6 7
-6 -5
1 -9
-9 4
-1 -9
7 -6
1 -10
7 7
1 -11
1 -12
-2 6
-9 3
1 -12
2 -12
-2 7
7 -7
7 8
8 -7
2 -13
-7 -5
-10 3
2 -14
2 7
3 -14
6 8
8 6
8 -8
-9 5
9 6
9 -2
-2 8
-2 9
-8 5
8 8
9 -8
7 -4
7 9
0 -12
10 -8
6 9
10 2
4 -14
-8 -5
11 -8
11 2
1 7
1 -14
-5 -8
0 -14
10 -2
12 -8
-3 9
5 -14
-9 -5
-2 10
-8 -6
13 -8
-1 -14
8 9
-8 6
-1 10
3 -15
5 -15
-9 -6
-10 2
-2 11
-9 -7
-9 6
1 -15
13 -9
-3 11
14 -8
-9 -4
9 9
11 -7
9 -9
11 1
6 -15
9 10
-7 5
-3 12
13 -10
-1 -15
-3 13
10 10
14 -7
-1 -16
0 -16
11 10
-1 -17
-1 -17
-1 -13
-6 -2
-9 -8
-4 12
-4 13
-1 -18
8 -9
5 -16
13 -11
5 9
12 10
-5 13
-10 -7
-1 -18
7 -15
-4 14
-3 14
-4 9
7 -16
14 -11
12 9
9 7
-5 12
-10 -8
13 10
-4 -9
-10 -9
15 -11
-2 -18
-11 -9
-4 15
12 8
-11 -8
15 -12
-12 -8
-4 16
-4 17
12 1
11 11
12 11
-11 3
12 12
11 12
12 13
-2 -19
13 13
8 -16
-6 12
5 -17
-4 18
13 14
-13 -8
-4 19
13 11
15 -8
-11 4
-3 17
15 -13
-3 -19
-7 12
-10 6
14 10
4 -17
14 -13
-7 13
-2 -20
-12 3
11 13
15 -14
14 13
-1 -20
11 14
12 0
-3 19
-10 7
-14 -8
-3 -9
11 -2
14 -6
13 15
-2 19
10 14
-6 13
11 15
14 11
11 16
-5 16
-5 17
16 -11
13 0
-4 -19
-11 -10
13 8
-4 -20
-11 5
-2 20
-11 7
14 8
14 14
5 -18
6 -18
-5 19
-5 -19
15 -9
-1 19
-4 20
16 -12
7 10
12 2
-6 19
-12 2
-11 8
16 -13
-8 -8
-5 20
17 -11
10 16
-12 5
14 7
-7 19
-2 21
4 -18
14 15
15 -15
3 -18
4 -19
-12 -10
12 -11
-7 20
-6 -19
14 6
-10 -10
-14 -9
-1 21
-2 22
15 -7
17 -10
-12 7
4 -20
15 8
16 8
17 -13
-8 -9
17 -9
-13 3
-14 -10
-15 -10
16 -15
8 -5
10 17
-8 19
-12 -7
-15 -11
-9 19
-9 20
-6 -18
-15 -12
-10 19
17 8
16 -16
-15 -13
-5 -20
-14 3
16 9
17 -16
-13 -10
4 -21
10 18
18 -13
9 18
18 -11
13 6
-2 23
15 14
-5 -21
-9 21
-15 -14
18 -16
19 -16
18 8
-8 13
-10 21
-5 -22
-1 -21
12 16
-14 2
15 13
12 -2
9 19
19 -11
-2 -16
-14 -14
18 9
-6 -21
12 17
-16 -12
9 20
9 21
19 8
-3 23
10 21
-2 24
-13 -14
-11 9
-4 -22
-15 -9
-15 -15
9 -16
-16 -14
13 17
-11 19
20 8
19 -17
-14 4
14 16
4 -22
-16 -9
21 8
-1 24
-2 25
-12 9
-5 21
5 -21
-11 20
9 22
19 -10
15 -16
-10 22
-1 -22
-4 -23
13 18
-2 26
-6 -22
21 7
-16 -8
-17 -14
15 -17
22 8
-13 -15
23 8
-11 21
-12 21
-14 5
-6 -23
-16 -15
-15 5
-7 -22
-15 2
-17 -15
14 0
0 24
-14 1
-16 2
18 10
20 -11
21 -11
-8 -22
-1 -23
16 14
-1 -24
-13 21
-15 4
17 -17
17 -8
20 -10
-1 -25
-9 13
20 -9
-16 1
9 -17
14 -17
-18 -15
-15 6
19 10
13 19
21 -12
10 -17
-3 25
-13 22
-9 22
5 -22
-1 26
-4 23
4 -23
6 -19
21 6
0 -24
-8 -23
-15 1
13 20
8 20
-2 -25
0 -25
-3 -25
-17 2
21 -13
10 22
5 -23
20 -17
-8 -21
